# source scripts/training_weights/hidden_weights.txt
# shape 16x784
# range min -1.8352433443069458 max 1.3698326349258423 max_abs 1.8352433443069458
# format Q3.13 scale 8192 width 16 clipped 0
-238 149 61 288 -149 -209 134 271 -209 -36 -164 -71 -267 220 -229 -224 -12 -273 94 -146 -32 63 288 109 -178 -277 160 288 -3 239 -138 -13 168 -20 -132 38 171 -156 25 -127 75 -228 123 -58 -211 217 287 258 189 -93 166 135 -269 -165 283 -115 -148 -33 52 -92 -285 -260 247 58 270 36 92 119 210 -201 -219 82 216 137 192 -84 4 244 80 114 -29 -266 -18 -102 9 234 -249 -70 -139 -135 182 -164 176 226 -206 -163 183 65 236 44 -181 -129 282 125 -263 16 61 -79 284 -76 -125 -179 49 -93 -291 246 -123 -50 -170 -260 6 26 21 196 284 271 -271 -47 -256 180 -223 -273 -190 36 -211 -103 -188 -118 -123 -235 -242 -175 188 -264 100 -23 254 -108 -171 -57 210 262 -84 -282 258 -94 -122 34 -220 85 284 -251 84 -29 282 54 -75 -137 276 263 -28 -205 29 70 -106 236 -81 240 -270 98 167 -32 5 -258 83 -253 -231 82 -93 -206 268 -261 -185 22 -278 -232 224 151 -220 -79 -93 242 175 -208 225 21 -177 114 236 -283 -449 -343 44 -419 -147 -377 -341 -290 249 -35 -112 -188 273 132 -95 -158 -134 -102 -197 74 -288 245 -492 -326 -493 -256 -149 -328 11 -233 -332 -456 -509 -371 -452 -319 -495 -328 -125 -166 259 -129 -161 186 125 -38 -262 41 -163 -140 -17 -216 -245 -519 -171 -336 -453 -466 -510 -51 -436 -464 -115 -350 37 42 27 176 -1 92 -262 175 -246 -251 -6 -274 -318 -198 -8 -98 25 -132 -500 -289 -480 -171 -271 -479 -438 -309 -106 -117 -309 -517 218 -249 152 -280 -168 -270 -12 -274 -76 -3 -46 -434 -134 -267 -14 -501 -379 -202 -157 -87 -196 -208 -119 -151 -484 -202 -88 -508 175 -286 165 202 -275 232 46 -249 -325 28 -270 -309 -359 -128 -452 -42 -348 -198 -274 129 -117 -113 -221 -382 -448 -499 -421 -180 -204 -130 251 -72 -111 -243 -131 -496 -522 -14 -37 -139 -232 -139 -454 -43 -107 66 -128 136 -352 -16 -434 15 -9 -355 -30 169 -46 -146 -214 4 154 -226 160 -293 -414 18 -226 -100 159 -266 -218 21 90 -272 -66 -200 -485 -126 -250 7 -56 91 53 174 -246 102 200 207 265 -237 -131 -43 200 3 64 -60 212 -213 -252 -290 -83 67 -244 -243 -322 -28 -287 -255 -448 268 -39 -46 10 288 -243 229 -205 176 -86 223 62 -59 291 44 -127 72 254 -230 224 200 17 -213 -507 -13 -152 -498 19 -224 -125 -249 -285 -226 272 -197 186 -124 -19 12 -80 -123 -78 -285 287 -78 -71 -211 -252 -286 -63 -352 -369 -353 -46 -35 270 173 165 -16 -165 -94 -82 -65 -58 112 -239 -103 -99 -51 228 -75 -289 230 53 243 19 -476 -229 -470 -95 -274 -519 -32 -247 161 127 191 -140 5 -177 -290 88 11 -80 -71 289 35 89 77 -245 107 45 -194 -205 -81 -278 -450 -188 -260 199 -170 190 -97 58 -74 -134 274 260 68 -206 65 -103 173 -208 -196 198 -170 -197 -226 -59 -36 6 -106 -24 9 -472 29 -7 34 -237 -25 179 -2 108 -210 285 53 -124 -15 -229 279 280 -70 256 152 155 -8 -455 -329 -157 -114 -336 -200 -526 -270 -110 -199 249 155 26 -193 -204 234 -64 71 -50 26 -8 211 -170 -79 -276 -200 128 -292 -104 -104 -333 -66 -302 -507 -269 -180 -122 -170 1 276 131 -202 69 279 80 248 -118 -249 -171 -131 80 288 269 -90 -218 14 -184 44 -356 -47 -68 18 -31 212 -40 17 55 -107 -56 63 214 -187 -283 -58 119 245 -23 -274 -2 -251 -200 127 -47 -487 -440 -222 -29 -411 -39 121 127 -87 -128 33 105 205 201 9 277 -265 28 -27 -112 -70 203 160 120 156 -273 266 -72 -164 -202 -229 -219 -36 -535 151 -91 250 -130 -274 102 -133 65 187 186 80 -286 -257 -83 239 -281 -249 36 272 -240 124 -317 -341 -296 -81 -401 -352 -379 -136 -30 -151 -214 271 83 -167 -70 75 -118 90 -123 -261 213 -155 -30 257 -24 35 -175 -37 -217 -299 -86 -224 -254 -275 -53 61 -72 -35 -91 -96 -102 -145 288 11 -164 70 186 -69
136 -257 43 111 -150 -257 210 217 175 -178 284 -275 1710 281 -611 -298 -58 257 203 -114 -205 -14 261 -197 213 -100 155 -261 149 99 -110 -249 390 2316 3246 2861 2166 3039 3138 4771 5797 5604 1069 757 3515 4351 3896 4081 4241 5696 3997 2225 275 -31 44 -120 188 124 697 1965 3129 3240 3333 3464 2644 -691 1714 1737 724 -21 -1267 -3847 -2354 950 1539 1478 1002 2836 6807 1092 -2113 -1608 95 27 16 224 -2603 2008 3506 2808 3912 4517 3224 -165 960 2967 1937 2245 4673 2393 942 1641 2559 2898 2898 2367 3451 4778 2623 198 3125 -271 31 1028 -2918 2532 1003 -699 -641 1993 1504 617 1206 2271 995 689 1429 2355 2556 2392 1599 1028 1006 1885 2945 2964 3732 2191 -608 1634 257 -21 -2481 869 1096 -4126 -1228 890 1421 1737 1429 -748 -1068 -355 1025 309 2166 3242 2465 1716 2199 -720 841 2105 2210 3777 3180 2665 218 3090 -1829 -3803 908 174 -1677 161 474 -282 -2526 -2994 -1751 -1201 -676 -421 -884 -569 -618 308 384 -468 2321 4574 5490 4085 2604 1308 112 5296 -3447 -1068 2352 4442 -135 -283 -127 -802 -332 -1395 -1986 -1454 -1418 -1112 -1071 726 325 -82 -555 -662 620 4127 7548 5951 3407 2098 1702 -2966 938 1955 886 1730 269 -527 -144 1524 -487 -887 -459 -1542 -2169 -1266 1183 805 580 130 1459 705 171 2915 7626 5707 414 -474 -833 -1571 2834 659 39 -2831 -2635 -1034 727 556 -1230 -1216 -2371 -2103 -2839 -2712 -100 -516 -134 1180 2058 1487 -164 2829 8187 6135 -1578 -2051 -961 -1085 653 1608 1305 -2091 -2508 -169 766 830 -1318 -1847 -2169 -1156 -1700 -600 -559 -3 -162 -247 467 383 496 3292 10053 5267 804 -4494 -1228 -1870 -2601 -163 -1235 -2159 211 -402 -795 -108 -570 -928 931 656 -157 -951 -73 -268 -2255 -1184 -2194 -2220 -1536 1723 5186 3951 2087 -3855 55 -2861 -1583 -774 -2856 -1528 553 -242 -1661 53 1628 2899 5007 4669 292 -656 -591 -1786 -1557 -1965 -1707 -2418 -2094 -290 2244 288 -1060 -4701 -97 -825 -1832 -721 -1704 4 349 49 418 2014 2763 3983 5072 2417 -281 717 -795 -1364 492 -687 -2027 -1978 313 2785 706 -1509 -3849 -2922 1667 166 -2583 -2454 -1094 1139 -404 969 1437 2312 2754 4093 4313 1985 588 210 -1293 -210 752 -556 -931 -107 521 1678 2606 -1354 -7608 -3613 638 1405 4653 -306 450 1219 -689 940 1139 2645 2673 3559 2577 811 804 -311 -1126 -123 1049 488 526 929 2382 3809 2853 -586 -4563 -5190 -1168 2596 2504 51 -429 1702 466 -282 337 81 393 1879 449 -141 -210 592 -864 306 1025 1342 1551 216 1577 3553 2552 -2186 -6599 -4151 -38 1750 1433 546 1322 2802 1899 1238 74 -580 -852 -236 -1325 -1760 -2139 -2026 1791 2636 779 1450 936 -258 1352 3016 -506 -6837 -6486 -966 -2859 -690 8 2041 1729 2472 3415 1509 1363 1079 154 634 889 -587 -2531 32 2079 1007 113 215 30 376 1064 1389 -1432 -6466 -6208 -3401 -2187 512 477 3038 1634 3713 2697 456 1754 1051 1567 2434 1178 -1207 -331 290 -332 1342 1925 -903 151 1504 -196 915 -1424 -6908 -5029 -2481 232 3205 1247 1240 1007 1768 -142 523 1081 2043 2007 2614 1334 208 830 1599 -125 1343 465 -1585 226 734 -372 -1059 -4678 -3820 -4049 -1607 -1934 403 515 17 -1555 -2827 -1868 -450 -139 750 938 2931 2171 2813 2224 1267 -267 981 -432 -838 -574 -849 737 -604 -5234 -2865 1893 704 -2131 -203 2224 198 -2071 -5215 -2707 -1099 -1646 -334 752 2527 3153 4088 1933 2709 2001 1578 470 887 -1113 -240 985 887 -3470 -991 3019 941 -90 -190 4719 5695 1878 -975 -208 1052 1942 1704 3527 3198 2285 3212 3276 2271 2569 2026 1253 1115 61 -843 -318 393 -3078 947 -1118 -240 -206 181 923 6702 4292 -1015 330 1597 2106 3619 2820 3177 3846 3876 4244 1926 2778 255 1185 -164 -1053 -1380 797 161 -1010 -2444 -705 217 -77 129 1268 2203 660 -2304 -991 -40 -1644 -1276 1140 -525 -2309 -113 -1764 -1218 -805 -1909 -793 -352 -1423 358 2987 2911 996 162 1379 79 -75 -215 220 51 -1550 -3316 -5271 -6441 -8188 -8316 -7357 -5756 -5814 -6614 -10822 -8698 -6637 -7588 -5295 -4759 -1852 -317 -2598 -2716 -2526 -58 -91 -169 -199 -257 -220 -156 -401 -272 -2263 -2254 -2700 -4473 -2857 -592 -1599 -2837 -6812 -3453 -2212 -2475 -4599 -3872 -1331 -2582 -3568 -2911 207 -188 -210 -248
247 72 -208 -249 -287 200 6 145 48 111 122 288 1564 559 -348 -407 273 -136 273 -214 -27 49 170 -148 -44 57 253 -196 169 -202 137 -213 892 1428 1343 1540 300 1692 3698 3161 4439 6105 3929 1612 -3702 -164 6258 4557 4464 2514 2183 2019 24 -132 -249 31 194 231 1291 1959 3630 1591 1332 766 -1046 -1355 425 75 987 2767 3165 5224 3665 2580 2926 6174 6256 5704 8801 3810 -2005 -1244 106 -27 10 180 2621 2853 3930 -2614 -2610 -1932 -3751 -2382 -3255 -4932 -2961 -2434 -1841 -595 472 486 491 963 318 2156 4573 3210 306 -2409 769 -287 197 -672 1792 -1925 -1343 -2497 -2195 -3634 -5702 -5547 -4667 -4574 -4178 -2285 -1685 -1332 -658 202 263 239 203 1288 970 4428 418 -2301 -3337 -1175 -154 92 808 -4175 -4421 -3918 -4546 -5468 -6848 -5663 -4731 -4645 -3307 -2491 -2140 -2003 -2439 -686 -389 -329 1271 951 1232 3145 4277 783 2161 1106 -136 -2093 -2656 -3550 -3897 -3515 -5230 -5962 -6030 -5494 -4440 -2707 -1835 -2367 -1236 -2281 -3183 -1323 -632 58 841 -356 977 3168 5401 6415 4621 780 113 -4621 -3186 -5456 -6384 -5114 -6055 -4649 -4589 -2297 -1889 -974 -1032 -1394 -371 -1240 -916 -297 730 1149 1945 2672 1982 2829 2999 4866 4437 257 -146 -2314 -4470 -5883 -7400 -7070 -5253 -3873 -3151 -2043 -1451 24 21 718 66 -868 -1144 329 187 2058 3528 3670 2708 3374 4623 7994 3166 -255 -1273 -1606 -5748 -5572 -8341 -8496 -5453 -3089 -1431 -1582 64 2717 1254 1938 521 -532 -2338 -3186 -2013 -1185 642 3832 4051 4043 7229 10967 3819 -2229 -979 86 -6474 -7504 -8590 -8530 -6126 -1858 -81 551 2594 3000 3212 3201 1866 559 -2583 -4802 -6047 -4964 -5013 -738 806 1317 4581 9712 4787 -3618 -1499 -662 -2197 -5856 -6458 -5487 -3685 -1781 -1212 65 1928 1911 2527 2969 1866 886 -214 -4296 -5394 -7321 -9936 -7681 -7622 -2744 -793 3716 4116 -125 -155 -2457 -2846 -3299 -4966 -5371 -1718 -856 -1584 -528 1302 2167 2776 2473 2074 1757 155 -1744 -3329 -5395 -6258 -8703 -10524 -8770 -7572 -4131 -260 -1786 1253 -1258 -810 -196 -3456 -2610 -803 -1071 -380 212 276 572 2108 1818 2409 2681 871 -792 -2110 -767 -334 -3472 -7612 -9013 -9644 -6444 -4108 -1063 1479 -678 348 1174 -3333 -1009 -1038 -2602 -313 831 975 -198 627 1351 2667 1361 807 -1371 -2613 -891 910 -1741 -4023 -7726 -6665 -5237 -3456 -886 951 -1693 2452 -1321 -3067 -2935 -2284 -2797 510 1033 -804 -270 1391 2493 3184 557 413 -1251 -727 -1968 -1491 -1482 -3472 -4948 -4676 -3944 -4815 -2315 -1330 -938 1497 331 -694 -2528 -4326 -3644 -895 -958 -1860 -37 382 2168 3262 363 -1279 -2040 -1368 -1663 -1738 -2156 -2670 -3986 -4829 -5984 -4951 -2443 -160 -49 -2438 903 1655 -732 -1255 -2356 -1727 -1847 -640 15 935 2236 2542 240 -1575 -1784 -608 -1480 -1015 -1664 -643 -1771 -4077 -8278 -2473 -2660 -646 -901 -3622 533 1062 -1289 -1064 -1590 -1548 -943 -2196 -287 1741 2168 1651 788 -1067 57 415 -900 -460 -1106 -1701 -3362 -3399 -4156 -974 -1189 2528 -2549 -388 -1893 -600 -1532 -1578 -2045 -884 347 -484 1044 1607 1754 1726 2163 1002 -724 575 263 -751 -620 -760 -694 270 -3227 -1768 548 276 -2430 -723 -3703 -3126 -2326 -690 -1404 -208 734 1119 1938 1714 587 1021 1276 1476 1867 1793 453 -1461 -401 551 -175 696 -2060 -222 3390 2110 -1812 -5427 -985 189 -379 -598 -71 1077 1404 1299 87 180 196 1596 1389 214 1552 1224 -727 918 1437 341 87 955 -965 -2081 -339 2380 1292 -7895 -2373 1277 627 -1463 -1113 472 -93 -852 -1095 -633 -282 1251 1116 158 1453 1723 1345 2058 298 25 1593 -465 1047 4057 -717 99 35 -4907 -4169 -875 1550 -255 -1972 997 474 -90 -688 1198 420 925 1136 1579 516 -480 313 -445 -1618 -1130 -866 -3035 -1715 3313 -228 128 272 -3561 -3508 -5306 13 -492 -893 1497 3049 603 266 9 -270 879 2173 -452 183 2224 139 -1416 -1283 691 1488 1029 2060 1717 237 114 59 61 -124 -1712 -6223 -4551 -3805 -2547 178 -1144 -1087 -1081 -1612 -1943 -1192 -2232 -1073 -612 -2637 -1167 1723 3823 2070 974 -1510 -1674 80 -82 -17 -34 79 -788 -4449 -5737 -5495 -6206 -1509 -1679 -563 -610 -3085 -2963 121 276 -1081 -5111 -5770 -458 1329 653 -1437 244 -231 12 -98 84 281 -7 -272 128 -733 -1289 -3674 -5077 -3345 -825 861 992 -199 282 2591 1419 -1020 -1983 -2258 -1903 -1951 -2148 113 -91 8 41 86
-141 68 -118 9 263 281 263 60 68 227 20 -253 -1705 -1791 1972 1472 106 -88 -139 104 -222 247 -74 215 -24 204 226 111 117 147 118 185 1012 1779 896 1109 -429 -1795 -2464 -439 -684 -1750 -1940 1394 -373 -560 -3231 -590 704 1455 3517 2690 -57 140 -63 141 195 -153 -209 931 1526 -1915 -414 1664 3073 3895 1488 2054 4116 2149 1695 5197 5542 1517 253 -539 -2743 -3131 -2483 589 1060 2962 176 -11 149 -141 2552 4165 1585 -2431 284 2107 4397 4490 3008 3699 3968 3167 105 -338 1001 610 -1445 -858 -412 -3257 -3014 -5417 -2175 -1233 -2099 190 233 -1041 2985 2390 -781 -2200 264 -1609 -934 571 3476 1546 -733 -1742 278 554 300 -430 -251 1189 1162 -63 -1237 -3057 -3291 -4359 -4575 -2416 -272 -62 4184 3931 886 4954 3456 2122 2343 2883 1582 -304 -1499 -2208 -696 1737 702 -1558 -2176 -2649 -1504 959 1908 -375 -2446 -9256 -3881 -2482 -62 1115 -1807 -1459 -3071 1718 3274 2271 -698 1133 2102 523 -1813 -1166 284 922 1590 -26 1219 -1182 -1663 -573 1630 1119 -1219 -4923 -2318 -1403 236 2468 -2973 -4666 -4350 -1188 -713 191 537 575 1093 1182 18 1301 2059 665 1049 1640 308 680 640 -1154 2174 1028 -1785 -6262 -1996 -2626 2120 3046 -3762 -3943 -1657 3 -1289 2135 2015 2688 3716 3280 -319 -1219 -997 361 724 2380 1234 1455 1993 -529 1190 411 -2044 -4367 -1729 -225 145 1764 372 -961 -1995 -1863 -1225 1312 2227 2589 1974 -89 -2107 -5789 -4222 283 2175 2804 1653 76 112 -529 480 -1443 -1321 844 2012 498 268 1948 1813 -3786 -5039 -4169 -4243 -3668 -2765 -3682 -4243 -5496 -6112 -8801 -5236 1939 4075 1827 1168 554 856 1195 765 562 4034 7793 3846 -258 226 -1192 -1367 -4100 -5201 -7386 -8985 -10279 -12573 -11801 -10450 -8656 -9035 -6636 -3516 1996 1529 -677 -273 -946 -467 1076 316 1184 1850 2386 -2744 -249 78 -2420 -2354 -4847 -6816 -9369 -13396 -15034 -10959 -6845 -6562 -4784 -4344 -3024 -1099 358 -529 -1833 -766 -1533 -1983 -1520 -3662 -6546 -6630 -817 57 1781 1285 -2447 -948 -4969 -7991 -7107 -5032 -2352 -1115 -1702 -631 821 2864 2271 1207 -782 368 -892 -509 -2712 -4228 -1610 -3053 -2798 -1039 2363 3720 2274 91 -3166 -2132 -3270 -1484 -906 3801 4751 2533 2697 2802 4250 4592 2675 2834 532 1814 1148 1652 -714 87 190 -879 35 3188 2676 5403 2950 20 -2325 -1881 -3341 1457 2226 4415 4293 2758 3200 2898 2524 2371 3757 2339 865 547 879 1100 -628 -1476 1535 -982 502 3249 81 3466 3356 -147 -2449 -3434 -3072 3238 2812 4107 3608 2177 2392 305 2138 3344 3575 640 511 1044 1001 715 -296 351 600 335 90 1056 1972 4938 4045 -82 37 -3107 -3401 2491 3708 5376 2338 784 1652 1222 1800 2443 1325 569 509 1156 1041 1097 459 66 -109 971 27 1020 3654 6171 3913 -558 72 -3315 -2834 337 2945 1571 1883 1708 1968 2017 1589 1998 1601 -784 -51 89 1714 1518 2001 -703 -2092 102 410 2428 3677 7503 3864 2230 -2755 -2047 -1260 -4243 -2088 -2706 733 1313 3400 2195 2629 2172 1667 -1195 -1292 -859 168 -1025 -248 -633 -1168 1322 -710 1186 5427 3418 2673 -155 -2168 -2488 339 -5560 -3826 -1639 -2134 1157 1388 1354 1993 923 -84 -1613 -4078 -2425 -3194 -3703 -2911 -2231 -1301 -3098 -2010 1512 5117 2208 2596 2043 453 1483 1096 -2025 148 -1762 -2326 -2528 -2723 -1636 -2736 -1923 -2220 -1922 -3771 -2915 -3910 -4283 -3486 -2192 -1065 -3779 -832 2328 7051 1871 -7 2415 1976 198 -1249 65 2422 847 -1387 -3352 -2607 -2857 -3471 -3305 -1307 -5 -1801 -352 -1698 -3336 -1701 200 -738 -2520 -2746 1910 5680 4358 -280 -190 -252 -3384 -4506 -96 2760 2880 2406 -1391 -840 -930 -245 294 883 -2321 -2554 -842 -2281 -1516 -3156 -1545 -197 -106 -2045 -175 5011 3874 203 -280 -114 -3447 -870 -687 1848 -462 -592 197 91 -888 -185 -420 161 749 -67 -1683 -355 -2696 -3297 -603 1358 -1325 -5017 346 1890 2027 70 61 -267 -967 4229 -345 -2170 -3199 -3833 -3279 -1836 -3576 -1040 424 -1328 503 -469 -716 -1708 -2216 -3872 -4121 -2279 -1222 -3942 -945 1560 1536 49 185 -108 -99 -1888 -1933 -1449 -2536 -4367 -6532 -4323 -3525 -2419 -4485 -2496 -2389 -3724 -1422 -1934 -2823 -5527 -6245 -2062 -2412 -1105 -645 201 145 168 287 -110 145 291 -101 35 -617 -773 -846 1003 337 376 98 -241 2437 821 172 -1897 -1457 -1683 259 -1372 -1021 -186 -132 17 74 -150
172 208 -119 -259 -291 145 233 0 -7 -100 -48 -73 1677 1214 124 219 -171 83 -73 269 -119 -289 220 59 -151 -282 142 198 154 24 149 -1 405 2314 2806 2149 1412 2187 934 -1681 -1437 -1214 -3076 -2007 3281 1479 2490 2666 3479 3920 4069 2382 2 286 239 291 -203 196 1213 -1207 -1255 1401 2428 3169 4756 6132 9147 7264 5565 1065 1593 -877 -518 -129 -1643 -1571 -131 2080 2967 4359 3642 2441 285 -72 -247 -10 -2491 -1220 -819 -92 1553 2169 3179 4838 3313 4179 1286 1862 2185 821 1869 134 -1105 -413 -2026 -1959 -992 -1611 -1147 307 1320 35 -258 -1187 -1295 -2809 2978 1336 1444 1230 666 1766 2821 1904 1742 668 824 -816 -31 -517 -1224 -649 -152 -1759 -1657 -1797 -3421 -3611 -3148 2341 84 -125 -564 -2251 104 -1233 124 835 -113 -997 -294 -768 -1113 -1510 1293 1435 1703 1020 1778 1406 701 -489 -1794 -1302 -2158 -4029 -766 2636 -266 -2459 -407 101 1668 86 150 -859 -1834 -2694 -2923 -2510 -2402 -2098 -1620 530 818 -73 -1122 -1251 -1501 -1373 -2045 -2764 -3455 -3015 -1533 1621 157 -1433 -556 -863 2981 482 -830 -1836 -1645 -2152 -1950 -780 -2069 -955 -1228 -1204 -793 -1083 -699 -988 -994 -564 -991 -3805 -1279 -2884 -1183 1662 2072 2411 574 481 677 -825 -1991 -2848 -2756 -1117 -770 -607 -1212 -723 -1061 -99 -129 -353 -1196 -850 -499 -202 -2295 -3126 -4111 -4646 -2509 -2074 -18 -1337 -897 1302 -2002 -2753 -3451 -4194 -3743 -1583 -1426 -1917 -1343 -1457 -1570 -538 923 -684 -716 -397 7 -736 -2686 -4765 -6017 -7122 -5655 -3317 258 -1028 -1160 2073 -2921 -1418 -1929 -3832 -3653 -1278 -1598 -1531 -1365 -3151 -3149 -2166 -357 224 -600 -568 -351 -1735 -3852 -4677 -6188 -8825 -7461 -1870 139 1097 581 985 -2737 -911 -1692 -2588 -2731 -1480 -2113 -2604 -1747 -3955 -4798 -4196 -1842 -1862 -2105 1547 -732 -392 -2317 -3526 -7454 -5976 -7378 -2390 -121 653 1256 -2993 -2770 -2630 -2566 -2516 -1519 -649 -1248 128 558 -386 -3239 -4488 -2724 -2317 -1727 -801 -502 1621 340 -2690 -1756 -600 -2946 -1543 28 -3 -755 -2119 -3062 -1658 176 -976 1229 458 811 1335 1436 994 -2084 -2860 -2349 -680 -670 -370 -816 1200 1253 2524 2552 2414 3238 4516 -599 -1558 -3507 2180 823 1002 2061 2442 3138 2909 1360 1956 2228 359 -1460 -1616 399 724 699 1174 1921 322 2590 807 1657 4741 8481 3227 -805 -1531 2448 3129 2356 4297 3282 3150 2941 3189 2562 2657 1901 1396 86 -338 1028 2575 1601 2993 1196 933 1841 1672 2889 7443 8775 3524 -291 -1154 775 3221 1630 4724 4063 3129 2244 3785 3292 4045 2798 2096 505 1643 2805 4019 3718 4028 2680 4549 2935 1679 3213 11222 7366 4595 -68 -2014 2345 1132 832 2608 1989 2766 3962 3706 3556 2799 1821 1937 1683 2613 4220 3593 3741 2509 1966 4641 4587 1861 -105 8865 2609 1924 -297 -764 -3 1771 3519 940 1312 2670 3399 3247 1868 1051 3092 3150 2704 2970 4672 3818 3318 1866 1894 3349 2929 2614 2082 5992 -756 3878 -193 -3357 -944 1528 2301 1632 -104 1496 1440 1355 1387 1763 1749 1807 2671 3439 2819 2778 2682 1472 1384 1456 1883 1768 1030 3531 3181 797 203 -2555 777 3726 3398 1812 -635 771 -573 468 320 1096 428 -917 1756 2059 805 816 2494 1647 1301 2295 56 785 1386 -439 2524 -864 -57 1619 2346 3361 2546 1245 -1410 -398 66 463 -307 66 -297 -659 -683 -501 -151 879 457 570 -132 735 1371 1056 -17 -480 3270 -16 11 1354 1528 2978 2385 1132 -1372 274 -173 -82 926 65 -852 -1646 -3242 -1426 -1218 -1569 -2305 -998 -328 1244 608 -1064 177 -1331 -2645 176 110 103 5017 67 -438 16 -650 -388 -627 -1640 -2655 -1136 -2016 -3637 -2258 -2457 -4404 -4032 -1699 -1452 -2416 -559 -88 -1092 264 -1247 -3327 -163 44 99 -1369 -3986 -3876 -2668 -1019 -99 113 -1145 -3093 -2842 -2718 -4007 -4693 -4190 -3822 -3612 -2426 -3738 -3282 -1824 -1905 -3546 312 2329 1569 199 68 106 2062 -1269 2182 -88 -2532 -3441 -4898 -6116 -5696 -4175 -4482 -2395 -1669 -1602 -2192 -5090 -3773 -3018 -3724 -2958 -3751 -2661 -3866 1747 1643 62 187 -184 120 90 2552 2642 2338 829 219 -2268 -3324 -962 2441 1847 -2413 -2487 -3000 -2722 -3694 -3213 -4035 -1855 -1551 110 -460 214 11 98 212 208 123 -50 -30 -335 508 562 504 195 -1582 -890 -400 -948 -2539 -3456 -1830 -3377 -3867 -1390 1468 -156 -187 -1397 -193 -146 23 -104
-257 -61 280 -163 -39 237 63 117 -217 -112 -129 -68 201 590 434 163 92 63 124 -281 39 263 -105 265 -229 -179 236 -214 -136 -130 -222 -27 -57 -690 -1425 -2176 -2695 -1950 -1892 982 266 1185 1120 778 -354 -82 -5285 -3533 -4941 -2287 -2076 -886 -259 -1 -8 44 71 -132 -38 1170 2007 -2645 -3676 -2753 -5227 -4109 -6291 -5681 -3407 -4137 -5698 -7671 -3876 -2217 -930 -1710 -2792 -4064 -3633 -4333 -1847 -403 -131 97 -35 46 -76 827 4 306 -2704 -2150 -716 -1631 -520 186 304 -1730 -677 -359 -970 506 -847 -886 251 -647 -2594 -2011 74 385 1684 67 -57 926 512 2652 -2963 -1626 -1673 -1732 -1865 -609 -52 2043 1228 -971 -426 1474 -116 879 534 -1653 -2323 -1689 -2602 -2601 2444 4711 5801 628 -121 101 -2676 2071 -1775 2078 288 -946 388 196 57 1197 92 815 -760 -1350 -1198 -1043 -1641 -2256 -1962 -2413 -3216 -3881 -1872 3459 5901 -141 -265 -1255 4689 3635 1021 1891 1397 -168 878 844 941 715 922 1568 2059 1187 1663 2058 2474 2291 1939 1494 848 146 425 2880 4272 987 832 803 5516 5494 -2009 -2337 1113 730 1195 1670 1693 1838 2583 1820 1330 2353 2838 3716 3931 2873 3101 1770 2580 4036 3064 2639 511 443 2773 2011 2185 2728 -1338 -395 1481 849 1470 1103 1588 2393 3068 1867 2813 3158 5107 3127 4990 3123 3645 2275 2824 4431 6619 4881 1073 3726 1989 2885 1668 3383 2714 2218 2279 1433 1189 2036 1999 2142 3197 3370 4250 3352 3784 4517 3621 2331 3043 1692 2182 2719 7387 8275 3531 4707 1383 1492 3796 3516 2562 2822 1767 1392 993 2301 2087 2276 3497 4106 3951 3150 3569 1828 2059 1703 3338 3029 2547 958 3608 8655 7039 661 1029 2740 4771 4479 2870 156 1295 725 1562 1252 1918 2522 2907 3542 1615 694 -478 1240 1542 -151 1606 662 1283 -1877 -1824 2148 6936 -1466 2632 3952 3751 2958 3518 1185 541 103 1694 249 309 1062 -653 -569 -518 -1014 -1413 -612 1308 435 -348 -3146 -1480 -3774 -5055 -1311 6154 -1198 -1233 1854 3551 2527 4644 1124 320 941 378 -924 -1285 -1637 -2331 -1497 -483 -2405 -2086 -2062 -38 -639 -344 -1577 -2684 -3795 -1358 -54 2127 -927 1185 1627 5117 1389 4389 504 108 431 -97 -1113 -1145 -2219 -3288 -2032 -2567 -2054 -3384 -1579 -73 532 175 -504 -771 1811 4150 2027 2738 -638 2071 1496 -2212 241 4156 494 142 59 -1047 -1829 -1198 -2132 -2940 -2899 -3515 -1490 -2871 431 1822 1015 1810 1058 1083 3674 4540 184 3005 -1502 1281 129 -2270 -1009 3713 128 -1214 -630 -361 -1659 -1670 -2215 -1262 -2806 -3133 -1013 -634 2985 2301 1333 2094 1056 1247 1681 1780 -2249 1051 1771 -285 1316 -2091 1640 2784 40 23 -1878 -2305 -1952 -1633 -247 -800 -2261 -2123 194 2028 3876 1188 176 1014 811 -416 -508 1040 -1252 2012 2275 2572 1526 379 774 1550 969 785 -1835 -814 -955 235 1419 -1939 -2017 -667 891 1491 1819 99 -720 -165 -227 -315 -2975 -3463 -5007 613 -1906 -950 3212 2587 775 1502 1092 -7 -1285 991 -135 -1208 -1847 -819 -788 -310 -367 -805 -192 -414 74 -517 -1400 -1514 -2428 -1656 -3453 -1912 -2316 48 2696 -150 -214 548 2896 -372 -2013 770 -305 -1412 -1662 -1395 -198 -727 -1217 -1705 -916 -2667 -480 -1845 -2572 -2127 -1365 -118 1182 -2943 919 -2448 -1804 -1798 -2779 137 -423 1191 -462 -681 -1510 -1348 -664 -531 -1194 -1808 -2234 -1370 -2692 -2909 -2093 -1844 -2252 -2776 -2020 -981 -81 754 1082 -2086 -2702 -2425 -2672 -2100 -2919 1058 2207 814 548 -357 149 603 -873 -291 -918 -756 -1168 -2569 -3445 -3268 -3911 -327 1527 1991 682 926 1641 283 103 -2896 2948 1546 -898 341 1700 -720 3 2362 1586 522 202 688 -70 -757 -1432 -3551 -4756 -4442 -3504 -2324 488 2561 1087 -922 49 -78 -79 1117 6526 4896 3759 1145 1086 542 -749 1457 1051 1054 3191 2146 2094 98 -209 -2746 -2059 -1425 -655 -969 380 930 -4684 -2598 -127 106 220 -1848 3649 3078 2797 2678 4760 5023 4814 4925 6915 6158 4941 4510 4993 5746 4234 3152 5346 3741 6514 4482 1896 5101 -1212 -1822 -238 26 -239 123 -2279 -2695 -1001 1377 3346 4459 5582 4647 5688 6518 7658 8162 7284 8751 9153 9993 10748 9541 7361 7262 4850 2064 1684 -251 151 219 197 -222 -185 1880 1190 1126 2442 3140 2734 3531 1697 1485 2601 3002 2817 2093 4451 4568 4006 1765 3844 3459 2969 265 34 244 -289
222 83 99 94 -171 -190 217 241 -181 141 -64 213 -1465 -280 250 89 -65 77 144 -11 190 -166 240 213 -155 -182 198 -143 -93 216 -11 -195 -862 -1446 -1815 -3029 -3854 -3625 -3760 -3539 -3934 -4787 -1676 -1384 -591 -2319 -4278 -1768 -2706 -2173 -1939 105 -68 252 -203 -63 145 49 -696 -288 -4836 -3029 -3407 -3357 -2236 1095 -847 -36 1975 1766 602 1491 1087 -795 23 -442 -154 -1124 -4114 -587 1451 1671 94 -96 -28 250 2267 3217 442 2831 2824 3372 4379 2619 3250 4309 5573 2867 2174 3418 3041 2225 1891 1384 3719 1928 -2015 -2069 635 773 -1951 151 -191 1655 2703 5058 3403 4438 4082 3644 4233 4774 4338 3391 3740 3723 3876 3735 4650 2861 3436 1809 -234 -611 -1575 -4305 2174 3952 3304 -575 175 -240 4011 5753 5364 5409 3310 2637 775 1008 534 478 1765 1318 921 2200 2838 1493 1102 2137 1705 525 735 -777 -124 3292 2785 -1030 153 3244 130 3617 1736 65 1280 192 164 1224 636 760 929 1501 1121 1265 1276 154 1063 135 505 -401 -608 331 1576 2745 2757 -2193 -623 4486 -3112 1518 4490 2857 1150 467 1726 -318 -420 111 1325 1124 1839 1328 -303 -1336 -401 399 -274 -898 777 -919 -2541 1861 2175 -1639 -1066 -551 -3312 2057 4776 2056 1770 1377 298 -312 169 -449 250 1354 1825 964 -385 -362 171 1172 585 -532 2071 -1097 -4444 1326 5917 3021 -1850 -3007 -1332 1689 4745 3168 1869 1568 328 -587 -1414 -2218 -1725 -118 798 1807 682 296 -266 100 470 959 3213 -310 -5312 2118 4668 573 -1822 -3214 -1997 3942 3062 2077 1042 -725 -2582 -4097 -3329 -2426 -1850 -586 907 291 -205 153 791 517 331 -274 1186 103 -6203 1273 2550 2060 -3418 -3643 -2489 6039 3384 -124 -2954 -4129 -3634 -3961 -2933 -1280 279 1022 1822 1029 -14 1159 819 1145 272 -2313 -2156 -3136 -3780 1180 2077 1471 -2635 -3555 -2389 3023 -986 -3051 -6339 -3656 -3205 -1787 -290 -957 1785 2557 4043 2403 1325 1453 770 522 -924 -2877 -5758 -5967 -5146 -2145 1227 1066 473 -1672 -2823 969 -5807 -7026 -5605 -2745 -936 -924 -2826 -1760 434 3313 4574 2387 2244 1331 -138 -658 -2009 -3903 -5216 -4372 -3773 -1078 1345 -1962 -959 1823 -1416 2253 -5211 -7175 -3053 -3418 -2337 -1605 -3334 -2976 -311 3305 5276 3135 1818 -528 -1061 -1883 -2841 -2457 -3095 -1933 -480 -344 3366 -1362 -1210 1802 4285 3859 -1301 -3839 -1282 -4178 -4059 -3078 -4097 -2372 233 4634 4927 2933 839 -2713 -2818 -468 -1186 -1268 -270 -677 2891 255 2675 2108 272 3789 6884 5017 1724 -1967 -2798 -4896 -5609 -2885 -3807 -3303 943 4846 3172 240 -658 -1663 -29 1101 -288 415 1727 1122 4408 2106 3805 2505 -51 3060 4138 6423 2954 -450 -1978 -3308 -3794 -5071 -6025 -4508 -254 1493 -67 -686 198 664 865 2130 -243 1494 716 1338 1630 1598 1230 2458 1476 2726 4051 7698 2417 2282 1033 -1844 -2463 -4202 -4049 -3508 -3192 -836 -95 1057 2316 2700 1827 2621 1202 2010 1814 1963 2285 163 -38 3457 879 -950 -879 3992 2190 2820 755 649 -389 -176 -416 -2547 -2387 29 345 2432 3595 3794 3249 2244 1413 1957 1981 2333 -786 3293 3971 2379 141 97 -444 5408 3766 2058 3421 3291 2654 2289 843 -38 -1327 -338 1142 1966 2529 2458 3625 2979 3317 2090 2364 2477 -427 849 2974 662 1365 1067 4479 4706 2804 862 2643 2598 1888 1586 345 96 83 605 1118 1363 1570 2377 2662 3215 2145 1476 852 206 -1066 1130 -344 -839 1358 1460 4876 6279 4468 338 1709 1571 783 713 311 -150 -731 -478 553 1294 1391 2455 2399 2294 2437 1332 934 -43 -333 -291 -1828 -1428 -102 -73 4052 7814 5474 2019 501 1201 377 317 99 654 -42 809 582 1793 1286 2342 3831 2566 2472 641 50 1971 1025 -516 2332 -71 139 95 916 4461 4266 -248 2727 3031 2253 1093 1016 2150 1853 1559 2747 1511 1993 1702 144 -198 -1188 -563 411 1253 1227 2810 1895 -149 168 170 2689 -2421 -234 1201 4370 4299 6224 5226 4702 4011 6695 5368 3952 2344 2659 1215 556 2132 -763 -4802 -4249 -2929 -980 1129 1362 170 -94 -19 143 -176 2413 35 -1973 612 1728 2167 1907 1058 -1156 1230 1883 2229 3010 2070 1580 -430 -1799 -609 1826 755 177 -1212 100 -139 255 -55 284 -196 -1555 -1388 -1130 -3826 -2699 -910 -2304 -1628 -2999 -4221 2221 1338 -1227 -4018 -2594 -2482 -2740 -627 -214 -133 -206 -44 183 -119
-58 167 -155 108 134 61 116 4 -178 46 173 126 -250 146 42 -93 -245 20 -108 -91 -109 229 221 45 143 -269 -107 209 58 171 -88 -30 287 -213 90 -45 -185 -59 251 -84 -77 -182 -148 -193 247 4 217 -177 167 70 212 243 20 56 45 -239 -272 -93 -215 -192 215 291 -76 -285 -186 161 19 -146 -186 97 57 111 -272 -82 183 -47 142 30 -239 -291 292 -167 -137 163 -40 187 -10 -241 -42 199 -279 -158 -167 21 -74 -146 110 23 -212 116 66 -27 71 -42 -233 104 -111 -197 -212 155 111 150 -10 -218 -59 232 0 -246 -285 37 -14 -144 -209 59 -204 139 -65 -168 -271 115 257 -274 -170 8 280 -248 -199 -163 -62 174 -162 -235 -89 27 26 72 -201 -184 150 -31 139 -245 -145 38 218 343 19 525 483 198 -6 117 -63 116 -267 99 107 71 276 -16 -203 -236 -215 -2 -373 -123 -116 -361 -407 -235 -301 -381 -463 -398 -134 -132 -51 92 50 37 252 186 -285 -202 254 -271 -148 64 -171 -103 -247 -457 -395 -84 -388 -407 -76 -286 -466 -72 -112 -428 -24 -472 -25 -108 -34 -465 522 -105 281 -9 79 -192 -12 -177 -252 -27 229 -265 -72 1 -337 -26 -252 -124 -456 -131 -213 -47 -66 -415 -187 -18 -275 -446 -71 38 -251 -269 -233 46 -192 110 -123 -90 -121 -456 -240 -59 -349 -334 -376 -60 -390 -59 -497 -507 -59 -332 -278 -246 -36 -124 -405 -121 -43 158 -111 -157 -268 -81 -279 276 -117 -428 -15 -447 -17 -530 -49 -459 -107 -323 -351 -514 33 -173 -388 -83 -285 -500 -433 -83 234 -55 -36 -180 -208 54 -226 127 33 -262 -44 -357 -43 -264 -215 -447 -259 328 -377 -336 -195 -280 44 -196 21 -417 -349 -109 -97 -181 73 -271 239 98 69 -70 -505 -184 -310 -26 -143 -317 -187 160 21 24 -430 -49 -130 -398 19 -165 -292 -119 269 -259 217 -98 131 240 144 72 -85 44 -83 -182 -25 -179 -490 -444 221 439 -452 -484 -410 -286 -525 -361 -417 -214 -488 -428 -108 207 -27 -58 109 -217 232 -10 -89 -394 -404 -57 -346 -192 -529 47 350 -2 -146 -514 -23 -390 -478 -468 -507 -366 -179 248 -90 -247 128 -42 252 93 -164 -109 -128 -85 89 96 -460 -7 -225 -258 -19 -459 -422 -304 -534 -55 -156 -230 -96 -437 -411 51 178 82 -275 158 5 -177 -169 -5 -244 -38 -73 63 235 -312 -116 -209 -92 -433 -23 -270 -143 -192 -506 -132 -421 -114 -82 -260 208 -175 -69 -203 15 287 -26 4 90 255 70 -201 -189 -52 -342 -339 -441 -377 -123 -158 31 -137 46 -122 -71 -337 -300 212 187 84 133 -91 -169 244 -179 -89 136 -188 -205 243 -6 35 -65 -405 -513 -374 -408 -367 -372 -313 -93 -13 -34 -120 -535 13 -168 140 -151 -112 -192 -109 251 -75 -111 86 97 -209 -106 -41 309 103 196 130 -112 -423 -108 -360 -327 -450 -250 -331 -406 -193 18 -119 -216 -36 28 -184 -28 220 -126 -201 -49 256 -114 55 -23 349 -36 -113 -374 -412 -411 -441 -497 -537 4 -182 -65 -411 94 269 -97 282 269 -272 -184 36 -251 197 204 83 -91 432 442 69 243 31 -511 -219 -377 -20 -126 -319 -6 -36 -524 -429 -201 162 127 -47 25 -189 -239 163 129 48 -209 160 170 -60 380 33 200 -501 -349 -24 -437 -258 -407 -125 -236 -382 32 -59 233 -1 152 -291 174 79 -12 -37 -178 -237 -45 -195 40 -85 61 298 475 -400 -192 -273 -207 -193 -341 -205 -105 -39 -450 -304 -236 68 292 -57 168 174 176 -130 160 67 -153 -39 -38 -239 159 498 -295 -252 -433 -12 -462 39 -86 -207 -258 -530 41 29 -121 97 130 -250 69 70 -27 -82 -135 -202 -213 71 162 61 -70 154 -114 -218 2 -44 -352 -109 -223 -463 -338 -8 -273 -519 -47 285 189 -208 267 -267 67 -83 -220 -98 -166 271 -264 140 138 -106 -354 -114 -413 -282 -113 -69 -38 16 -242 224 -8 258 -255 279 -20 270 95 -175 -183 -22 -2 151 -225 96 -72 39 5 185 127 -81 -68 6 105 40 -47 -261 202 155 185 99 -129 -252 -195 144 -107 48
16 263 -34 -245 -274 -183 38 -87 -113 243 141 210 1380 -139 -543 -159 -212 18 244 288 89 146 275 251 187 -279 185 -249 -268 275 -99 39 -391 -1956 -96 121 824 774 1985 -718 -1385 -800 539 -1074 -3526 -1805 3520 617 -737 -1455 -3550 -2437 142 250 195 95 269 145 -723 -690 -945 2728 2436 877 357 -613 -288 699 583 2914 3500 2758 1481 815 -463 957 2114 3339 2686 692 -50 -1647 -247 191 -192 -249 -882 -552 -1130 3837 2478 882 -1052 -638 987 1895 1272 939 977 -289 819 1585 1068 338 -699 -269 1609 1669 -415 -706 1119 231 -184 1803 2689 -722 2020 3585 677 -104 1512 -323 -247 -1058 -926 -705 -1891 -3596 -1937 -1909 -2879 -1122 -1768 -2457 -496 581 579 -26 -1370 1163 -217 -189 30 -205 1771 3807 962 43 766 -378 -999 249 940 360 -132 -61 -3243 -3403 -4122 -3464 -4137 -2698 -3426 938 2344 379 -340 1442 -210 -3201 1379 3752 1277 291 630 1787 1966 1290 1199 1902 1357 1570 1183 1856 1506 1078 -985 -3496 -2240 -1475 -2579 -726 -113 79 -16 1032 642 -5393 1230 3219 94 -2203 422 606 -243 299 165 39 776 2320 2377 3894 2141 1009 -1179 -2167 -1188 -1311 -2273 -1093 -1319 -415 1550 616 -2006 -2559 635 956 1108 -448 1340 990 860 710 -235 -714 -181 1223 2121 2398 692 -689 -1148 -1662 -2893 -1063 -1227 -4067 -2591 -548 237 -3214 -2463 -940 -1269 -259 287 -260 1542 1140 -941 -1220 -473 -1505 -616 67 1442 2211 1161 888 418 -62 -612 -2805 -2806 -4715 -4342 -3070 -1029 1226 -2241 -681 -3498 -1424 -1088 -979 -543 -462 -2018 -2254 -1588 -1862 -1030 -1100 -446 732 1963 2330 1147 1104 -248 -1833 -2176 -5359 -7439 -4639 -3798 2799 901 -2832 -2961 -109 -1605 -983 -1647 -548 -370 227 931 882 1324 721 1534 2851 4019 4870 3291 1235 2578 1462 -730 -6132 -9575 -8932 -4434 -813 2925 -1236 -2629 -708 649 -1546 605 765 71 479 -24 278 -563 371 1649 4102 5296 5018 4247 1912 2099 2901 2459 -48 -6862 -9415 -7939 -2032 645 -782 -1540 -945 2453 -448 385 -455 -755 -682 40 -720 -901 662 2772 4736 6002 4640 3266 2252 1968 2385 1001 -2272 -6216 -7813 -7106 -1681 -1826 -473 -2046 730 1441 -937 -1591 -1290 -1337 -605 -450 609 677 1532 2463 3686 4090 3067 2523 2551 1621 160 -1502 -3758 -6999 -3918 -4009 -1779 -1057 1306 -3259 -1588 -1331 -3943 -3570 -2019 -562 -783 265 1136 1473 1564 2228 3493 3114 2993 566 407 63 -1358 -408 -2546 -7138 -3945 -1872 -2330 2105 1598 666 -3297 -2729 -4770 -3799 -803 912 -313 -116 1338 206 49 1266 1221 1695 423 -543 -1577 -1804 -2980 -2320 -3562 -4804 -5199 -3635 -3415 66 1956 253 -2461 -4242 -4762 -5401 -1452 450 -585 465 765 1184 1037 1089 838 -901 -992 -1268 -1354 -2707 -2762 -2355 -2663 -5066 -5263 -2232 -5019 -796 2669 991 -569 -4794 -5469 -4665 -2616 -1939 -1279 -210 1450 964 12 198 -898 -1159 -1659 -1264 -1343 -901 -1668 -3908 -5937 -7802 -4395 1248 -1935 1344 -1429 1304 271 -1506 -2893 -1366 -1085 -2701 -2857 -1422 38 121 -1746 -1150 -2509 -472 -1909 -1181 -545 -1059 -1237 -5010 -7092 -7759 -3983 -1520 904 140 1374 981 -338 -1064 -2845 -761 -851 -3122 -2273 -1542 -2339 -1645 -1347 -544 -1229 -534 -761 -1218 -1412 -1823 -2633 -5832 -5794 -3276 -1205 -689 537 2228 -27 -1503 -1257 -2834 -320 -2457 -2315 -54 -229 216 -932 112 -263 -372 186 617 -692 -1002 -1529 -1685 -2795 -5628 -4641 -1255 -907 -3474 -642 1804 196 -1323 -848 -2342 -544 -1154 -2123 -1414 -423 1005 132 72 376 980 863 567 61 -1563 -2172 -1314 -1912 -3689 -2182 -326 -1116 -1562 -462 -280 -31 -4973 -1990 -2235 -1078 -802 -225 -1470 -1659 -1661 -1454 -912 16 -297 -479 -469 414 958 320 -426 157 -1371 -334 674 -1574 632 -220 142 273 -280 -1474 2096 3968 2765 1833 -43 -2420 -805 -520 -2086 -2163 -2672 -419 429 295 -124 898 2027 2165 -339 2567 -387 -1323 -1408 143 -105 130 163 -1288 891 5167 2024 2392 2410 1295 1436 570 -3 -446 717 -1478 -2016 -867 398 280 3228 2843 -2221 -207 263 -1074 -1872 -248 60 59 -59 2176 3475 6111 6398 6659 6697 4720 2737 388 1663 2477 4686 1638 2454 4694 3692 2254 2676 1058 426 669 1069 -518 253 -129 -55 -87 -198 -191 -2506 -2731 -304 717 1152 1295 466 -1400 1125 388 4234 3493 1767 1178 2488 4202 1947 1081 805 301 -262 -61 53 -61
-18 -210 153 -220 269 250 145 55 -209 -292 -134 -236 842 341 60 18 -245 -18 110 187 -45 172 0 -167 252 -118 -42 141 -6 32 -249 161 218 2508 1475 749 -357 -538 -2871 -2604 -1332 -2342 -3711 -3442 43 -1566 -2576 -32 379 -328 1118 1684 180 -192 -87 -63 22 -65 -186 16 -771 1220 1390 1133 2376 2409 -964 -536 -128 -3499 -2092 -2903 -3267 -1122 106 -19 -555 -314 818 3500 2622 2719 -38 -26 -63 -52 -2718 -745 -369 4109 1581 -713 -1170 427 -656 -2088 -3653 -2644 -2375 -2247 -839 -1727 -1560 -466 -2453 -2108 -1626 -240 1369 1364 168 -241 -37 -393 -2279 -1687 2408 2103 -1224 -2744 -92 1481 767 -1149 -1174 -930 -1760 -2786 -920 225 -1156 -1385 -378 -1876 -2753 -3733 -982 -509 1472 4306 -79 -199 -1669 -3140 -307 -1748 -2590 -600 2221 368 -818 242 1122 642 -396 -1100 -212 -908 -1554 -1258 -1481 -1328 -3540 -2227 -1741 2094 2275 2124 -263 -95 812 -1034 2134 977 355 641 822 1387 100 495 1803 516 292 770 636 157 -2238 -842 -1397 267 -2298 520 199 1756 1553 2739 351 1763 4454 1284 3655 2427 465 645 1260 434 182 941 595 605 -652 516 475 -1459 -239 -158 406 754 254 796 840 259 567 3047 -1288 2331 4938 1728 7512 4863 1563 1762 2113 1448 1597 1635 908 1154 1562 511 -519 -1865 -827 -147 224 -170 1287 2876 -595 686 2815 1028 2483 3132 3427 1836 3679 4942 1733 936 1223 1459 1490 811 1658 812 756 309 -972 -307 -997 -762 -429 383 1775 4029 -114 1267 4375 2119 2222 1162 4320 116 870 4378 4108 2957 2329 2086 2735 881 -158 -1473 -1354 -481 -191 225 -444 -742 -924 439 1325 2634 2000 -2652 -2579 2533 1936 608 2386 -514 1201 4708 2631 4122 2566 2682 1621 168 -2225 -5123 -3287 -1042 207 -1062 -746 339 -433 -1299 1156 1210 581 -2530 -4790 -1659 624 2149 4114 838 -207 2963 -825 397 1162 -1020 -2621 -3441 -5327 -4934 -2379 -827 -102 -1571 -1198 -920 -1813 229 -1 -1500 1328 1470 -3105 2146 -1371 1701 3319 -948 -5372 -1141 -1716 -1980 -2169 -2077 -3861 -4632 -6189 -2717 -1177 252 130 -1428 -1006 -2024 -2155 1273 1568 1695 2180 4872 5636 3999 164 -171 1107 -3985 -7203 -5038 -3771 -5734 -6665 -6861 -5385 -3122 -3238 -448 513 947 1073 160 -508 207 -768 1417 2056 1853 707 1362 7461 3725 1475 -809 -3863 -3611 -6064 -6560 -6006 -9017 -9348 -8955 -5859 -2758 -597 2441 1745 2380 -349 -303 -916 -257 109 527 547 492 2002 884 6192 3814 1531 -1159 -2665 -1877 -5061 -5619 -5687 -8579 -8306 -5867 -2342 1682 4045 4646 3399 1838 1293 480 -179 -1283 -406 806 -1446 -406 -45 1920 3730 2389 -2 -1022 -919 -1062 -2767 -3935 -3926 -4783 -5650 -3394 -253 4191 6175 4957 3033 1115 525 704 927 -535 -764 -952 -1680 -901 1009 4909 2000 3523 396 -1922 -1065 -1513 -1449 -799 -2642 -2330 -3965 -1488 3380 5942 6855 4332 1678 1393 80 -297 251 -1126 -1063 -2400 -730 538 839 2068 1052 139 -2113 -96 -890 -2615 -589 -1540 -3225 -3224 -2751 1277 4749 5802 5345 4142 2445 1120 381 640 -287 -1481 -1192 -2532 -2533 -654 -1156 654 761 -1596 251 -78 -1003 -1700 -3441 -2185 -2825 -1955 -747 568 2509 2610 3376 2799 1546 1552 -672 -523 -621 -1071 -922 -1492 -2526 -1833 -337 1069 272 -2594 -2083 -377 -1217 -2268 -3349 -3138 -1836 -2117 -882 57 171 323 608 1622 1877 1541 1107 1218 244 372 -1704 -2518 -2313 -1034 -2463 1191 1067 -345 -2099 -941 -624 -2641 -2101 -620 -1204 -305 -114 -761 -1189 -536 471 1025 1969 941 281 -429 -628 -690 -2232 -1433 -1878 -2286 -806 -144 -3281 -702 -223 72 -2072 -3576 -621 -813 81 850 -551 -73 -1950 -383 27 553 367 1131 664 -177 1780 1982 736 2367 2022 102 -1158 -1014 -4163 -175 52 247 1875 -2915 -3444 -3229 -1955 -2539 -1508 -1592 -2398 -572 1006 697 1909 2137 1681 201 1018 2391 2394 2145 1716 88 3404 1527 -247 241 -285 -145 -2300 519 -2021 -4094 -734 -118 -1590 -2127 -618 -358 -372 -2402 622 950 140 451 -832 -2719 772 -1231 -3701 -3416 -1241 -73 345 -164 256 -160 -69 -1083 -2858 -2687 264 3114 2749 -1252 -2368 -2684 -2020 -2304 -456 -3079 -4029 -2281 -420 687 1043 -1779 -3561 -34 -2541 1224 157 197 -101 -273 105 -98 2648 1139 1511 2402 3028 4720 3718 961 360 4386 3106 1869 2492 4103 1790 2850 1977 -1247 -2251 451 143 -184 -174 -163
195 71 198 247 169 51 -213 268 -173 172 237 -94 1624 -55 -94 -87 180 -254 -265 275 -223 -34 118 167 -105 208 -268 260 -157 73 232 -152 -818 -1730 -476 -130 653 1772 2808 -277 -908 192 2395 -604 -2064 173 4149 1411 521 -755 -3275 -2477 174 161 171 -167 -108 143 -999 -1692 -1216 2886 2864 1054 2012 1007 2418 2299 2924 4673 4707 1492 -587 -190 284 1541 3113 4429 2706 -210 -270 -1375 32 269 -80 -108 -351 -2158 -1197 1147 906 -181 -748 3383 2505 1319 833 -63 -621 -2561 -3401 -2585 -827 -406 -1349 548 2995 3526 1617 -501 998 237 155 -753 51 -1191 2044 1381 -884 675 3030 2966 916 -46 734 -1306 -2065 -3738 -1948 -946 -1566 1914 2181 2900 4401 2683 581 -1111 -2175 2105 87 -106 -1393 -3644 -1689 409 1149 1497 1653 1979 -333 -556 83 -1545 -459 -2132 -1283 -416 -912 615 368 1460 2083 3251 1873 -1528 -722 2157 202 -212 90 561 2275 4163 1734 1130 405 -413 -1167 -708 -676 -3668 -3913 -2129 -2391 -1358 -2747 -82 234 1188 2682 2874 118 -1031 -982 838 885 1691 2458 2384 1797 2131 912 864 7 909 849 -875 -2387 -3329 -4931 -2836 -2211 35 968 374 629 1583 2677 3947 1601 -578 1255 1008 2991 2099 2637 2428 3726 3137 1838 2847 2393 3230 1265 680 -139 -2118 -3841 -1992 -1952 191 1054 -111 -128 -92 1148 2265 835 -779 478 -1643 2348 2627 1564 1475 2667 1222 1433 1688 1457 823 -673 -54 -282 -2572 -2660 -2353 -1005 445 1359 1307 916 1489 1063 1413 -1039 -3787 -623 1607 1997 2233 4096 -317 1908 -459 -1161 828 262 1188 1197 704 394 -369 -670 524 54 686 848 1857 1065 1375 1504 -533 -3733 -7494 -4506 1667 2400 3424 6596 2123 252 -1144 -1336 1742 1492 2964 3394 2314 3019 2020 1180 43 1109 683 765 1254 -39 348 2136 219 -2730 -7404 -3889 791 2553 5597 6825 4119 -1986 -941 -231 2555 3273 2848 1418 2211 2577 1409 -2147 53 1883 858 728 -612 -46 3334 5213 5075 5252 -4012 -5914 -2203 1190 2455 5112 1475 -2322 -73 1578 1018 1381 2349 1547 1961 1265 -1030 -1847 1767 2455 1231 295 -1578 820 3022 4185 4808 1620 -2893 -5725 -3545 -167 2035 3404 332 -104 2581 1017 -25 1668 1309 318 1769 701 -470 423 696 1540 1776 281 1664 -1290 -104 2176 1427 -986 -939 -4438 -2413 1063 2338 3180 80 -2024 -841 362 1466 1182 195 -331 -2 88 752 2251 1119 709 1346 544 297 -1432 -1049 1183 -678 -5156 -1298 -2838 -2660 1296 872 295 -2174 -4658 -833 653 2055 2691 273 -1380 -477 984 1497 2080 2085 1200 761 -339 -216 -482 -947 -3118 -2812 -3417 -1210 -4276 -1840 -278 -212 1978 -3267 -3681 -957 -2946 -683 703 755 436 1056 1228 2194 2556 620 1139 59 114 -1524 212 -1363 -1924 -2076 -1239 -1382 -2597 -4019 1493 -118 2533 -1836 -4208 -2597 -4935 -2587 1 1816 200 1189 3262 3079 275 -896 187 -777 -38 -1471 -538 -2304 -3075 -2874 -2788 -2330 1308 -1268 1135 2614 1591 -2617 -5789 -3958 -3492 -3020 -662 1404 856 1889 1689 483 -274 -656 -985 -1008 -933 -1694 -1793 -3019 -3822 -2540 -2316 -5817 -1839 569 -279 1534 530 -4980 -9285 -6910 -4213 -1512 -2123 -1394 69 9 2553 109 318 86 -1327 -965 -615 -1857 -1985 -2327 -3136 -2793 -3360 -6385 -906 316 2005 -97 -1626 -4962 -7529 -3506 -3864 -1749 -1132 -858 -455 389 1217 1264 994 362 -829 -205 -730 -775 -1469 -2450 -1189 -3056 -3426 -3299 -204 500 1989 5 -1113 -3640 -5227 -937 -2310 -1691 -2065 -1731 -1087 -785 325 554 1226 1299 58 -56 -1230 -109 -2054 -483 -2280 -2954 -746 -1502 290 309 -106 -241 -2768 -5556 -2827 -1336 -476 -410 -1018 -620 -1782 -1144 517 1349 1192 1679 1644 650 185 257 -688 -2291 -3764 -4926 -2991 -2627 -1633 -249 -181 -220 -87 -2251 -4138 -1166 -629 -1280 -1712 -340 -741 574 -91 708 1523 1266 1844 -1699 -927 168 -3003 -4351 -3744 -4311 -3770 -1757 -1420 -38 73 244 -2275 2759 370 -4098 -3918 -4367 -5194 -2790 -990 -754 -2520 -2360 -178 -71 -1831 -2454 -2591 -5652 -6553 -5070 -2001 -481 -2297 -2072 -1539 -78 121 -220 -227 -2210 -2569 -4999 -3544 -1977 -799 -2251 -3597 -4232 -5538 -4791 -6399 -4853 -5565 -7017 -6670 -5534 -6697 -3495 -1055 -39 -540 1837 -283 -102 -51 -283 -21 -152 2224 3003 151 -785 -1231 -1040 -991 0 -2647 529 -2905 -1311 633 2497 1066 452 1351 3545 2688 3574 -185 134 281 -254
-50 -78 -132 79 -254 228 -249 -77 222 -33 -5 -12 555 455 305 178 -53 221 -61 -151 151 114 -69 -145 -291 247 -240 -277 209 207 248 -148 1353 1521 -656 1329 1479 2641 1085 4747 5510 3422 -819 4135 3998 3789 1572 2460 3730 4012 3747 3101 207 85 -220 -31 -146 127 1804 2197 2591 861 -1846 2726 3567 3012 5378 6382 5482 1907 -38 3993 2680 -627 -576 1032 3171 5958 5854 5186 2140 1624 -161 -96 161 -22 2598 2351 763 -1732 1818 2315 3257 2398 2373 3464 1749 3004 1753 3527 3257 1298 1107 -2796 -3809 -2981 -2166 -807 -548 872 1041 -270 -207 541 2477 -1067 1907 -2132 4422 1289 1774 1959 780 766 1064 1724 3554 3425 2327 994 140 -209 2 -2332 -1647 -4481 -6580 -3915 1371 3781 -292 75 4329 -2055 -649 -4350 733 -682 -2640 -2092 -1099 -1998 -1466 1746 2737 3620 1517 946 411 560 373 1272 -308 -2957 -2617 -4218 -480 1112 156 -3477 -3409 -1601 -4388 -4178 -2143 -1539 -1901 -2147 -1407 -1472 -456 1424 2611 4017 4051 3682 3264 1288 1328 2770 -238 -1266 -3205 -2938 -2412 334 10 -4441 -3027 -4360 1502 -297 -975 -1629 -1400 -539 -1192 -2380 -696 1013 2304 4800 5063 3830 3409 2297 2109 1527 32 -377 -3137 -3356 -2449 856 2367 -3369 -3457 -1721 1102 -2040 484 792 644 -30 524 -542 -422 -32 1785 3532 5418 5254 4085 3558 1759 655 1502 -270 -2481 -4642 555 -47 204 -1686 -1913 -312 61 -1553 -22 -604 -161 -82 351 -1323 -1558 -1104 -65 1343 2341 2768 2690 3705 2479 297 616 1020 -2750 -4943 -13 -195 -342 137 -1967 -1812 -1924 -1501 -983 -1264 -976 -1663 -1064 -807 -2881 -3300 24 -1353 -811 485 2501 3156 2760 1670 1645 1951 -5507 -9161 -4193 2340 -3036 2584 -2899 -5783 -2929 -295 -698 455 250 -468 -594 -387 -4033 -2957 194 -1636 -2700 -2299 525 1708 3985 4413 4648 3287 174 -7641 -4680 1915 -2740 -2061 -1195 -3935 -27 -91 1369 452 -295 244 -330 -2074 -4101 -1749 662 -874 -1753 -647 36 1362 2158 4659 6004 8312 6583 -3149 -2008 2830 1073 908 -2384 -1743 -72 -1345 -292 -854 -535 -689 -785 -1352 -890 397 992 222 -473 -818 -592 -214 27 1238 2635 5531 4410 -1626 -927 1174 -1613 -608 -2128 -3698 -2302 841 868 -665 -1344 -1037 -999 1288 1253 2084 864 572 -991 -263 29 -1777 -826 1406 579 -659 -752 -1532 3157 1747 -851 -198 -3678 -3808 118 2878 319 626 86 -159 -148 752 1589 1064 78 -1361 -1293 -1776 -1384 -1996 -409 -1003 -1 -1804 -2300 -2042 -605 1758 606 1795 248 -1767 1785 2103 1039 1101 478 1943 2381 2365 1334 -707 -2229 -2875 -760 -2000 -2350 -2450 -2858 -2646 -1300 -1914 -2934 -1746 634 2016 25 119 -1391 -1861 -181 -139 -460 802 1333 2657 3749 2592 1498 -1126 -2388 -2301 -565 -2217 -2743 -1759 -3084 -2367 -760 -1892 -1365 928 71 3614 2585 1855 -3432 -4158 -2130 -2059 -1076 -351 924 3266 4120 622 -1059 -2204 -2749 -2015 -1399 -841 -1048 -1727 -2154 -1883 423 478 -27 2600 756 2154 1607 2572 -4265 -5051 -2526 -2600 -1729 -205 135 2644 3303 32 -183 -747 -2149 -1705 -592 440 40 -154 -421 518 2705 2061 1645 3095 3145 2129 170 2767 -1436 -3381 -605 -1595 -322 792 -428 21 1378 107 822 237 292 -265 -703 101 268 1266 391 1540 1292 2616 2432 4657 2271 600 2174 2489 3253 767 -366 1432 2208 1368 -1022 -374 693 114 1441 1966 1598 594 771 103 1173 384 -770 -183 758 114 1132 3460 2286 914 2226 3106 3291 468 -971 4409 2890 701 569 558 858 595 1727 2896 2698 1221 388 -711 -468 -1236 -1204 -805 -1361 -722 -1307 1410 1315 850 289 -61 5233 -3627 -4602 -316 -500 416 1244 1137 789 1569 3548 4315 2640 2121 605 366 -241 -1104 -2699 -1663 527 1972 -788 -738 1266 -51 123 145 1284 -3947 -2184 -1475 -3176 -2344 -397 54 727 1111 2514 1292 1404 1672 1240 459 -609 -1053 -2181 -428 -1972 -1309 -1004 316 345 202 -2 173 1649 -2539 -3424 -667 -970 -900 2021 -81 -1026 -941 43 -738 431 -667 -677 -2380 -2881 -1169 1076 544 -1866 -3079 -3626 -1039 -790 127 41 -92 -238 1949 1619 653 450 3895 2924 705 1535 1187 1690 1272 1669 -2184 -429 -518 1002 3135 3403 1052 -359 -3605 -2396 -1744 214 -186 46 -117 13 238 -2152 -1197 541 1994 1850 2096 332 -1212 808 -49 4960 1648 2511 944 1767 2761 1048 -1653 -1571 -1151 187 -32 -172 -94
188 89 -179 -126 263 252 267 221 -289 -233 -166 246 -2256 -2237 1290 685 -109 -143 -35 86 -9 252 135 -286 95 -238 110 119 -148 -270 -27 -276 -785 -1792 -2099 -2413 -2368 -3251 -3202 -3110 -4247 -4297 -1440 -3078 -3938 -3591 -4319 -3438 -3933 -3842 -3741 -2880 259 -5 -12 -158 255 224 -1456 -2190 -3034 -1685 -3178 -3964 -4998 -6974 -7945 -8456 -8833 -7947 -6179 -5915 -6402 -1409 -342 -2234 -5251 -6825 -7036 -7240 -1881 -906 216 -136 -260 278 -1631 -3098 -3144 -694 -5778 -7043 -8653 -7867 -7277 -8213 -11187 -13188 -10130 -6141 -2028 -1008 -162 -780 -3427 -1569 -1163 -2684 -1388 -3139 -1820 -164 34 1221 -1037 -1270 -1340 -1960 -4534 -4167 -5604 -6328 -6233 -5532 -5338 -5742 -6528 -5254 -2519 -907 -548 -1125 -1101 -265 692 2586 5719 2458 834 -2001 136 149 -3247 -598 -1920 -1194 -3072 -2949 -1902 -1587 -1212 1522 1624 -985 -1186 -2028 -1406 -798 -1595 -1395 -464 -1543 -636 504 1963 2482 1643 -712 -43 -2727 2083 -1888 -73 540 -1705 -2295 184 2227 1523 1043 1157 1773 2715 1934 1565 2048 1908 2733 2278 400 1513 1815 774 164 1766 -2587 191 -5438 2556 511 -2764 623 -1321 -1405 2721 1529 1492 1982 1628 2594 1993 2982 2887 2922 2345 2214 2000 1014 904 715 253 2704 2566 -1884 -2489 -2181 1822 880 -2561 884 368 186 1956 765 875 961 -344 432 -274 365 793 458 2215 2097 785 1504 -231 -685 3280 6498 1894 441 -185 -1409 155 -816 -4654 857 1496 884 1484 1302 415 219 -1318 -2406 -3809 -2287 -1526 -407 1294 1672 1781 697 537 1077 1890 4448 866 1781 -470 -1568 -2376 33 -820 -214 1310 1812 2634 1983 1076 -1052 -2184 -6890 -7124 -3552 -3482 -1915 -459 322 -659 -284 1088 -272 3142 6196 2480 -1523 -302 -3328 -3847 -525 -1368 1655 2326 2657 3458 2653 1675 100 -2781 -7155 -5228 -1404 -304 1276 576 -44 -752 -1030 419 -1278 -186 3619 5984 -939 1869 -1730 -3333 -1601 232 2019 3028 2508 1798 1520 3341 999 -1038 -1040 -1221 632 1167 317 406 553 314 923 978 -325 -3111 -1381 2115 -4163 -816 -942 -3242 -1431 3575 1971 1257 1910 1902 2146 4369 3982 2565 2104 1650 2184 1196 1999 1367 1000 2540 2157 521 -2593 -3800 731 1639 -1134 6 -552 -3983 610 5806 1439 1504 2616 1508 2528 3468 3527 3049 2380 2035 1511 2588 4159 1826 958 1542 -286 -1605 -1891 -2479 -1088 -1723 -1665 -715 385 -4797 1567 2750 1448 1535 817 2404 2504 3349 3448 3027 1688 942 2153 2625 4040 848 -1235 -1308 -1126 -1210 -1966 -5549 -4900 2215 -895 -685 -822 -2695 -298 -442 740 1257 625 1306 -206 589 1659 4228 3009 865 1932 2201 2711 124 -2251 -867 -339 -735 -1151 -3039 -3987 15 -1085 264 -2000 85 -283 -811 1543 2399 1069 346 85 -750 -57 2146 3265 963 2212 655 667 81 -2745 -2047 -361 -1831 -2635 -2763 -3264 -669 -1274 -1315 -970 454 -225 -1988 976 1304 638 -1489 -2886 -1796 -725 -665 725 513 298 136 -962 -1830 -2259 -1451 -1658 -3759 -2992 -2393 -4578 1122 -1394 -710 -2815 -2423 -770 -3207 -1313 -1796 -2418 -3671 -5908 -4780 -3304 -3760 -3319 -1540 -1302 -575 -709 -696 -1517 -2120 -2580 -4452 -1706 -571 -1753 641 -2571 -257 -1822 -163 -2198 -3933 -2779 -5615 -8321 -5628 -3944 -3903 -3449 -4021 -2256 -1208 557 927 965 -654 -1275 -2204 -1103 -957 477 1826 1781 -463 -530 -1898 -684 -307 -3322 -2023 -1813 -5388 -6432 -3600 -2713 -3240 -1915 -1315 -796 -829 407 59 -1723 -1647 -1815 -97 1067 764 2247 3289 728 -1766 -266 -1948 -1573 -1715 -2202 -336 -3230 -3080 -1803 -735 -1212 213 1225 1871 236 18 -1794 -1336 -1960 -1171 -738 -266 2111 3420 4132 4112 3023 344 -313 63 241 -2982 -632 -846 -1105 -716 86 579 -1099 509 2665 551 -136 -236 -1760 -60 -1426 -877 386 1394 3157 2686 3892 4377 2524 12 231 235 184 -993 -2083 994 1638 1827 771 -676 -845 869 1938 -457 367 -1333 -1107 1001 408 614 1589 3754 3487 3883 5561 -183 -2195 -1604 201 -80 221 1260 -603 3983 5463 2537 858 -1141 666 4329 2200 -114 2267 2354 1273 1747 1935 2811 2245 6210 5413 1606 2393 -1302 -991 -1540 -271 -145 191 -122 1864 3264 4688 4013 2008 1253 1429 2317 1321 2092 2416 3042 297 826 1244 1021 -1809 2100 2141 139 -507 2487 -325 129 264 38 51 -144 -160 -2689 -2336 -821 110 -386 -734 -1230 -718 2022 -39 1133 618 -99 -1294 -302 803 1165 -1372 -1403 -2890 185 -77 -266 49
-110 116 -286 -87 -108 -59 235 -29 161 53 90 135 -1680 -509 263 85 218 210 -90 -39 -121 -41 -132 232 266 -124 54 -243 275 180 60 254 -519 -526 -241 -1272 568 -525 -979 -1527 -2861 -2385 -589 -313 1932 -798 -4913 -3779 -3863 -4680 -3571 -2474 112 251 229 56 -259 152 -1376 -804 -3380 -2518 -1900 -1040 -265 -1537 -3569 -2996 -200 -1121 -2129 -2072 -547 -327 194 -3433 -2728 -4438 -8069 -3224 1296 1684 187 -286 -34 -190 -970 -1302 -1355 -4576 -4695 -3448 -1823 -1035 -1863 -1907 -974 -695 -2780 -2414 -1513 -1484 -959 -3077 -1952 351 387 805 1187 1925 -1273 -38 26 -1889 -2173 -3290 -2585 -3637 115 -471 -1759 575 551 1111 2888 1752 2609 2235 2493 2594 1924 406 442 -236 -660 -511 4123 5754 3936 -532 142 238 -1381 -1650 -2405 -3519 -2112 -1140 -860 104 441 2840 2740 2028 1468 844 2027 2208 1393 1141 2828 2635 2136 -1632 92 7063 2806 -1427 183 -3262 -1027 -4128 -3636 -4709 -3083 -1144 -429 701 911 1762 1517 267 587 857 119 537 108 2120 1174 692 1016 1850 956 6177 2366 -1166 143 -4332 -257 -3369 -3398 -1931 -615 -1175 1829 257 1415 768 -447 183 -34 268 227 -491 619 -1 -621 1905 1570 1962 1895 5159 131 -66 1358 -1033 -15 -1157 -2526 -1951 394 435 1233 1006 1339 772 122 129 -1956 -1307 853 497 492 883 175 1282 1836 4049 6606 6542 5095 4367 93 -3615 -139 141 -3947 -1756 -318 -698 -305 587 1202 1332 770 -191 -2629 -2962 -67 977 493 579 449 1684 1720 2977 4831 7132 5916 -286 -251 -4532 -1944 -1262 673 -860 313 -227 260 1130 1213 2728 2442 -1546 -2605 -3344 -2240 -755 390 383 90 1232 1665 3429 2368 1927 4669 822 -2632 -2257 -4300 -1347 2555 4076 1463 1037 1411 1797 452 940 640 -1420 -1474 -2430 -1695 -1828 -578 880 -638 460 337 2879 4757 3800 4573 -1091 -2712 -2663 -3290 3901 2738 4758 951 346 679 -57 -1675 -1383 108 624 -135 -1125 -2065 -1485 -2072 1299 372 1497 -432 890 2938 1357 4469 -834 -236 -425 -3277 3780 1107 1245 -1065 626 1253 -321 -1678 879 2277 3546 1961 993 -682 -1459 -845 831 1026 -1153 -985 -2076 -1455 2502 6993 3576 765 -2195 -4277 1738 -2789 -2193 -1259 -1031 -888 -1373 661 3072 2643 4314 2123 373 -259 -506 -1227 -1655 -2328 -1837 -3280 -4461 -1976 1352 7050 3008 357 -1432 -1955 2491 -1608 -2207 -1226 -2112 244 1780 2356 2359 2550 3074 1548 524 1103 -836 -1331 -2031 -3835 -3157 -3905 -3633 -240 1483 5023 3028 -771 -2009 -2335 2914 -1386 -2091 -366 -1101 259 2875 3634 2623 3411 2164 1251 1036 2311 680 -2649 -3800 -3834 -2677 -3271 -2130 -1030 4854 7486 3953 -271 -2954 -1475 790 33 741 2494 626 1669 3990 3832 3217 2421 1400 312 -220 447 -1455 -2817 -3233 -2690 -2529 -3032 -2155 950 2683 2725 5487 906 -2347 -2631 -3274 719 2966 3337 1758 2717 3252 3481 2247 2004 1792 47 -1717 -2378 -2437 -2795 -1414 -482 -1945 -436 1819 5217 784 -593 3804 -1905 -3275 -1469 -4884 -810 1260 2177 2541 2289 2264 1969 705 587 1254 -1779 -1514 -1376 -139 -129 -232 753 635 1834 1682 1234 2407 3190 476 -154 -3192 -577 -3975 -307 1958 2864 2949 2382 1148 993 201 -1123 -1017 -2729 -371 -123 185 -529 630 1129 2373 2838 1658 489 568 802 -3392 -2123 -852 -525 -1470 -257 659 2071 2199 257 1280 21 -161 -1609 -502 21 485 572 1247 123 563 1299 2362 4194 4571 163 187 2404 -958 -2031 -1159 -1198 1423 507 -1128 508 586 -123 264 -115 1464 679 903 792 -257 728 669 1646 786 1572 2870 4645 4717 2535 -602 -4071 -1265 32 5 805 -546 -1675 -3324 -3877 -2687 716 159 503 1261 1673 1389 614 838 2516 2186 1627 2449 3498 4244 6531 6447 1393 -140 -5418 81 176 255 175 -4342 -7047 -8234 -5894 -4478 -1736 -310 -717 1140 1552 270 967 940 2219 1264 3595 5670 3848 1673 2703 2318 2054 947 825 100 63 245 -539 -2697 -4269 -5438 -3496 -3740 -4748 -4583 -1482 -1058 -221 1770 2507 3192 3771 4073 2444 2502 3280 160 -1007 -697 -1130 944 1791 209 -85 -259 -145 1967 3049 1669 21 -723 93 -735 -1906 959 1862 3839 2106 -1079 322 1087 1608 -1574 -198 -1563 -1863 -707 -602 -1452 122 252 56 -227 222 90 -2101 -974 864 899 591 3385 0 955 2076 -1088 786 -1718 -551 -1063 242 -197 -1492 -3937 -3128 -2616 -44 -22 -290 -173
-31 -50 -43 -85 -158 -225 236 -117 -19 185 -121 -48 1418 1494 -350 -391 139 140 128 280 -238 225 -37 -170 24 211 227 -140 71 205 53 -253 1290 3471 2176 3233 4615 5327 4054 5276 5235 5292 1940 5621 5147 6506 6264 4028 4641 4366 4083 2930 23 3 -189 -99 -4 -182 1450 414 1962 5236 4682 5868 9494 4961 6636 6062 5228 730 92 -86 2945 3369 7097 8022 7956 7355 7070 5851 -624 -1249 -132 -195 167 -33 -2534 966 -224 -1502 2368 2789 4362 3951 3389 3874 3343 4372 2970 2700 1504 1930 5380 5861 3555 5094 5624 5241 2278 -1290 -30 202 -198 -1214 -2710 -1482 -4418 -3419 -2335 -1530 -1992 -1626 550 1262 -361 -1868 -51 1473 1793 3625 3532 1704 693 1229 263 -191 -2160 231 2366 2709 141 -243 -1623 -3415 -6561 -8237 -5683 -2966 -825 -1001 2146 1939 1013 1343 143 -964 844 3550 2857 2160 3194 1864 1115 -1207 -535 3636 3565 2325 110 -3261 80 -5346 -5511 -6747 -5266 121 452 444 530 2321 3505 3141 3923 4127 4059 3476 2211 1823 2052 253 -466 -978 808 2150 152 2522 -128 -4636 747 -6057 -5573 -5418 -2418 -1065 964 1610 2366 2636 2838 3108 5009 5545 3583 993 -23 -2151 -1829 -2246 -3855 -4364 -2523 -1842 -3718 1964 1450 -1675 522 -5083 -7259 -4130 -423 -1277 1428 2079 1799 2367 1483 1759 1729 25 -838 -3734 -6026 -5894 -5292 -4917 -6909 -6878 -3466 -2669 -2302 1630 93 -844 -453 -3943 -5494 -2613 220 56 1948 1706 2679 1299 -1021 -2147 -3638 -6577 -6601 -7347 -7363 -7596 -7220 -6864 -9000 -6465 -428 216 -720 -3169 -156 -815 300 -3208 -2309 -96 1940 1824 3176 2716 2305 287 -2055 -3480 -4939 -7684 -5137 -4006 -2601 -3549 -3938 -4326 -5767 -255 5016 2380 2311 -4067 -850 -2614 -4598 -4791 -1761 2082 3300 2695 2928 961 -21 -987 -2295 -854 -1449 -2738 202 1679 2030 471 175 193 -2050 2972 9444 5552 4530 -958 -1080 -5344 -2926 1301 -617 1589 3815 1275 225 -535 -358 -454 -1479 -314 -391 940 1461 2965 1595 654 301 -461 -1248 2223 2461 -167 -453 -785 -1309 -847 -1846 1920 -1023 -880 234 567 -1491 -1107 351 -1002 -1050 265 -116 672 877 -25 317 1182 403 847 1508 2664 2324 -3668 -2646 1430 1617 -2836 -1968 -1613 -3198 -2192 -734 -518 -1588 -1315 619 75 -808 213 -505 1185 530 -1774 -976 -1966 474 2592 1627 1149 2510 -1307 -3873 903 683 -1396 -6406 -4857 -3291 -786 -1314 14 -805 -2032 288 -174 488 248 159 279 -503 -1232 -529 -866 618 1680 -232 551 4430 3171 -6943 -2393 -445 -2040 -5224 -1695 -2872 -448 -580 -1414 -2025 -1426 1299 2551 952 383 -167 -1039 -1117 -1078 -656 123 -414 -1010 -186 844 1503 2023 -2897 -2615 -221 -2931 -3906 608 -2194 -704 441 -1641 -1762 -856 2334 3755 1309 -405 -2087 -2280 -1359 -361 -524 417 358 -1116 -594 202 431 1239 -1697 884 685 -2511 -4862 -2451 -582 -2155 -583 -631 -1077 100 3720 2835 1362 -1984 -3212 -1751 -1115 68 -294 -203 -223 -1031 199 1186 2247 3003 -4336 -5400 -1763 -548 1829 -2052 -75 -2269 -1075 -1648 -520 133 2130 2475 2313 -805 -1536 -404 -655 142 847 361 1257 626 2658 2288 2891 383 -4539 -3078 -172 698 2169 -1296 449 1028 -1970 -1032 -655 47 2279 1314 2051 1334 846 1886 45 92 1259 1266 850 789 2194 1810 549 2956 -3677 -644 -1140 -835 -1246 -923 17 212 -309 995 -106 1042 1490 2528 2666 2674 3146 2610 1048 477 491 26 819 -33 1696 1121 -758 1886 1018 672 -935 -151 -251 -744 -1792 -1534 -713 165 219 693 1249 1918 3055 3213 1758 2000 1715 -242 -340 -575 308 -1129 159 228 -1542 384 1887 663 210 222 673 -592 -712 734 -1139 -2530 787 -607 -315 -677 288 950 728 105 451 429 -450 749 1287 1127 3714 4935 1544 2254 -2065 43 250 223 -94 -54 -2274 -897 -1438 -1099 882 456 -253 -1478 753 876 976 1856 2338 2479 4128 3122 3501 1302 3178 4755 5784 -4366 -2582 259 111 -186 2362 1630 -613 -409 202 -1323 -1318 -716 -102 60 1624 3474 1802 3510 3619 3620 4453 5312 3240 2366 2603 2472 5037 -1037 -1051 -28 -119 122 198 806 269 265 -163 -395 112 775 2064 5136 5750 4843 4650 2735 2622 2730 2328 2109 5013 1072 34 1759 1784 -914 117 185 -99 -155 -242 87 -333 -316 -243 -3506 -5587 -4880 -1149 11 103 -2459 -561 -594 170 -1367 -1197 -1367 -1172 -3135 -3059 -953 -270 254 109 -92
24 -143 48 146 -131 -285 -104 80 91 -224 66 -174 228 45 7 56 -90 -191 31 -58 -115 -80 -89 -161 -151 85 -253 -216 -178 -228 -15 232 540 800 30 820 695 1185 1215 1331 1195 778 1367 1061 1996 1624 1238 435 385 557 901 -287 44 66 -275 176 -223 -274 159 -290 550 186 868 985 2769 4636 4409 5123 4881 3631 1922 -97 -1574 -1873 -898 343 465 2299 2556 1692 1021 -223 185 -107 -245 1 1146 -838 -660 -2267 -2134 -204 2255 3179 3289 1831 3271 4107 2495 211 24 41 726 3201 1509 -2071 -3746 -3872 269 922 1731 -285 137 -2029 1604 -1404 -2240 -1632 1455 1851 2634 3653 2553 3925 3147 2579 1794 2238 1550 2358 3024 1471 65 -1112 -1143 -580 -3497 -1530 4689 -133 -43 128 588 513 -544 -976 -568 390 3344 3123 3317 1930 1710 2169 1901 330 524 817 1984 612 258 1250 2153 2625 1096 2830 1547 -487 53 2925 772 985 1320 526 429 1212 1381 648 2368 1204 1466 1786 1854 499 505 1480 1404 869 158 1904 2105 -511 1211 1598 -702 -390 314 4965 4013 2928 1298 -698 952 652 440 1573 1266 2378 2302 1938 2366 1472 2394 3130 3292 3033 1291 1076 1541 -751 -545 -849 -648 -1413 2457 3685 5162 2241 1759 -309 -1913 -674 -3 243 751 1586 2013 1217 4094 4396 3315 3320 3321 2343 861 233 1053 757 -2128 -1732 -1556 -1659 1229 3322 5155 832 1475 -309 -2539 -196 -489 303 186 275 769 25 2029 2768 1689 1792 3656 1875 -90 -197 1357 641 -1787 -1863 -4527 969 1190 2542 5076 905 -882 806 -372 -1847 -720 -883 -1228 -339 -2252 -1375 -2578 -2518 -758 313 665 39 -344 174 -846 -1578 -206 -1491 263 549 1404 2562 3613 166 -727 -1667 -800 -3177 -2797 -2549 -2111 -1065 -3188 -6413 -8900 -6181 -4032 -1833 -252 -1300 -1652 -1384 -579 -647 -1243 -1366 553 -610 779 2503 3722 160 -1812 -3703 -2766 -3225 -1334 -999 -54 -974 -3736 -7055 -6878 -5128 -3231 -1908 -1142 -2919 -2894 -2211 -1224 -1222 -407 -1960 -150 687 686 1550 3164 731 -2705 -3384 -1893 -966 -342 547 619 -2244 -3979 -3155 -1443 -3619 -3322 -2021 -2013 -3108 -3494 -1385 -1684 -1079 238 -199 1360 794 2061 -1264 3114 -13 -1489 -811 -637 954 752 -113 -1112 -3278 -3500 -3142 -1901 -1622 -1805 -1621 -1817 -3376 -2371 -696 -185 -311 1255 -1282 2795 2889 2512 -1856 459 761 -375 849 612 467 -1311 -1118 -1406 -2130 -2553 -3255 -2825 -2052 -1646 -2355 -3315 -3976 -1632 164 -2721 -614 602 -3625 2509 2807 800 -1352 -2637 771 264 1711 -233 -1155 -1541 -1042 215 -1067 -2038 -2376 -2756 -1970 -3621 -3822 -3521 -2750 -2000 -1371 -3036 -3092 -1106 -1113 2464 2541 73 -1204 -2880 873 14 43 -3391 -2519 -2126 -1818 63 -1230 -3424 -3356 -3368 -2814 -3928 -3449 -2134 -1479 -1434 -2111 -2492 -2561 -1630 4210 866 3536 564 -788 -1532 -594 954 -1114 -3741 -1298 -1159 -1668 -1996 -2983 -2895 -3090 -2725 -2563 -2486 -891 -453 -905 -1860 -709 -63 -774 -609 3308 1976 3356 -779 1253 1189 339 1148 -1484 -125 210 -299 -1937 -2319 -721 -958 -279 -307 -949 -146 1318 520 505 1055 915 476 -1069 -1049 2588 3625 1419 80 1018 2914 878 1342 1668 1236 881 635 450 248 2275 2834 2677 2632 2110 2642 2181 1421 2094 1178 1548 1132 -636 -1785 3173 3063 843 -1008 302 1388 3755 1163 1261 594 -11 1521 2251 2837 3443 3241 2558 3638 4029 3588 2755 2139 2676 2313 2687 2199 3949 4596 4719 2445 812 -1016 -995 -183 198 287 2110 1291 800 2160 3420 2446 1964 1509 1752 2546 2998 2811 2742 3124 2879 1798 1840 2502 2603 4570 4896 343 626 163 -263 -2003 -1914 724 512 2129 1125 -753 1021 1620 2517 2156 923 1459 2062 825 2118 1086 451 -442 231 2460 3869 3896 4427 1318 -284 -229 55 -1281 439 2517 2262 82 2077 982 1274 57 -186 953 486 1334 2042 277 3657 3152 -553 -2054 -726 1585 1344 5080 2244 68 -75 -199 206 -2623 3468 2671 -542 923 4569 5464 4714 1385 2608 3768 3092 1819 2880 3914 4471 4300 4504 -2248 -2673 188 727 2302 -2019 6 178 -267 -25 116 -18 -1444 -3097 -833 1582 3505 2678 2843 3108 4241 4784 5753 9177 7274 3999 4881 7304 1293 -2390 180 1733 143 1138 65 187 -143 14 244 194 1214 1441 1910 1981 2318 2067 3439 3274 4010 7514 4079 2244 3398 4456 930 418 151 -102 -35 455 -90 -214 -178 -1
