# source scripts/training_weights/output_weights.txt
# shape 10x16
# range min -1.130279779434204 max 0.751136839389801 max_abs 1.130279779434204
# format Q3.13 scale 8192 width 16 clipped 0
1056 2258 -5022 -3236 314 2364 -6158 -110 1483 -3926 -570 1916 -5407 -1166 1361 4619
1731 -5221 6153 5291 -5536 -4375 2847 229 556 -990 1473 2154 -5132 -1001 -3270 2597
-469 -1926 -4207 1539 3793 -1553 791 -1912 -1881 5636 -3321 373 -2549 2743 -1670 3763
26 915 -4490 145 -2296 1061 4556 -43 -472 -1128 -4271 -560 619 -1374 -1938 367
-242 1279 -667 -5268 2784 -2114 -1538 -1987 2375 -2721 2292 -6356 3659 -267 -7713 -4834
1305 1881 3376 2384 -2582 2224 217 1467 -4885 -4772 -997 -4866 589 277 3147 2401
-716 2147 4001 -3904 3739 -5335 -4490 1316 1050 1035 1581 -393 -6249 -1035 3462 172
-406 -4154 -2366 4791 -4934 4289 -2364 -1006 1634 2419 1851 -1991 306 -4698 -2865 2260
-1661 381 -881 -6207 -3799 105 1228 731 -582 2292 348 1458 -243 4184 -428 -5704
886 -2836 -106 -9259 -741 2299 -1017 341 3668 -5088 -2465 872 3034 -408 372 -5730
