0.1288948655128479 0.27564355731010437 -0.6130592226982117 -0.3950088918209076 0.038331616669893265 0.28863009810447693 -0.7517542243003845 -0.013438992202281952 0.18108896911144257 -0.47930648922920227 -0.06961385905742645 0.23388245701789856 -0.6599846482276917 -0.14228999614715576 0.16614694893360138 0.5637909770011902
0.21129272878170013 -0.6373469233512878 0.751136839389801 0.6458572149276733 -0.6757678389549255 -0.5340619087219238 0.3475247323513031 0.02796074002981186 0.06786637753248215 -0.12089608609676361 0.17982645332813263 0.262940376996994 -0.6265183687210083 -0.12222027778625488 -0.39914754033088684 0.3170093595981598
-0.0572190023958683 -0.23505206406116486 -0.5135526657104492 0.18787558376789093 0.46301111578941345 -0.18952494859695435 0.09653845429420471 -0.23338550329208374 -0.2295769900083542 0.687993586063385 -0.40537717938423157 0.045527588576078415 -0.3111887276172638 0.33489006757736206 -0.20391637086868286 0.4593040347099304
0.0032120903488248587 0.11169518530368805 -0.5480731129646301 0.017728690057992935 -0.28030097484588623 0.12946441769599915 0.5561826825141907 -0.00520473625510931 -0.05763595551252365 -0.13764826953411102 -0.5214038491249084 -0.06841345876455307 0.07553835213184357 -0.16777771711349487 -0.2365758866071701 0.044777385890483856
-0.029583139345049858 0.1561073362827301 -0.0813705176115036 -0.6430150270462036 0.3398219048976898 -0.25810250639915466 -0.187799870967865 -0.24258171021938324 0.289925217628479 -0.3321240246295929 0.27976924180984497 -0.7758308053016663 0.4466252326965332 -0.032532453536987305 -0.9415420293807983 -0.5901222229003906
0.15929542481899261 0.22966699302196503 0.41211754083633423 0.2910466194152832 -0.3151657283306122 0.2714323401451111 0.026442913338541985 0.17903593182563782 -0.5963436365127563 -0.5825052857398987 -0.12169861793518066 -0.594002902507782 0.0718507170677185 0.0338287316262722 0.38410037755966187 0.2930314540863037
-0.08743546903133392 0.26209983229637146 0.48838600516319275 -0.476521760225296 0.4564096927642822 -0.6512649059295654 -0.5480963587760925 0.16062495112419128 0.1281171441078186 0.1263658106327057 0.19295158982276917 -0.04801829159259796 -0.7628102898597717 -0.12638139724731445 0.42261508107185364 0.02099050208926201
-0.04955580085515976 -0.5070698857307434 -0.2887733578681946 0.5848726630210876 -0.6023457646369934 0.5235350131988525 -0.2886134088039398 -0.12279969453811646 0.19947299361228943 0.29533877968788147 0.22599804401397705 -0.24310261011123657 0.03733992576599121 -0.5734905004501343 -0.34968799352645874 0.27585121989250183
-0.20279434323310852 0.04652957245707512 -0.10753632336854935 -0.7576388120651245 -0.4636891782283783 0.012838445603847504 0.14994798600673676 0.08920131623744965 -0.07102861255407333 0.27977821230888367 0.04248840734362602 0.17793042957782745 -0.029700012877583504 0.5107903480529785 -0.05221761763095856 -0.6962804198265076
0.10815032571554184 -0.3461818993091583 -0.012890493497252464 -1.130279779434204 -0.09051451086997986 0.2806238532066345 -0.12411388009786606 0.04167428985238075 0.4477352499961853 -0.6211059093475342 -0.3009377717971802 0.10645969957113266 0.37036994099617004 -0.04983162134885788 0.04545125737786293 -0.6994995474815369
